ID;Sexo;Idade;AnosEstudo;QCA01;QCA02;QCA03;QCA04;QCA05;QCA06;QCA07;QCA08;QCA09;QCA10;QCA11;QCA12;QCA13;QCA14;QCA15;QCA16;QCA17;QCA18;QCA19;QCA20;PHQ9_01;PHQ9_02;PHQ9_03;PHQ9_04;PHQ9_05;PHQ9_06;PHQ9_07;PHQ9_08;PHQ9_09;PHQ9dific;PCL5_01;PCL5_02;PCL5_03;PCL5_04;PCL5_05;PCL5_06;PCL5_07;PCL5_08;PCL5_09;PCL5_10;PCL5_11;PCL5_12;PCL5_13;PCL5_14;PCL5_15;PCL5_16;PCL5_17;PCL5_18;PCL5_19;PCL5_20;PCL5clusterB;PCL5clusterC;PCL5clusterD;PCL5clusterE;IDATE_E01;IDATE_E02;IDATE_E03;IDATE_E04;IDATE_E05;IDATE_E06;IDATE_E07;IDATE_E08;IDATE_E09;IDATE_E10;IDATE_E11;IDATE_E12;IDATE_E13;IDATE_E14;IDATE_E15;IDATE_E16;IDATE_E17;IDATE_E18;IDATE_E19;IDATE_E20;IDATE_T01;IDATE_T02;IDATE_T03;IDATE_T04;IDATE_T05;IDATE_T06;IDATE_T07;IDATE_T08;IDATE_T09;IDATE_T10;IDATE_T11;IDATE_T12;IDATE_T13;IDATE_T14;IDATE_T15;IDATE_T16;IDATE_T17;IDATE_T18;IDATE_T19;IDATE_T20
1;1;35;;4;2;2;1;3;2;2;1;4;4;1;1;4;4;1;1;3;1;3;2;0;0;0;0;0;0;0;0;0;0;0;0;0;0;0;0;0;0;0;0;0;0;0;0;0;0;0;0;0;0;0;0;0;0;3;3;1;1;3;1;2;2;2;2;2;1;1;1;2;2;2;1;3;3;4;2;2;1;1;3;3;1;2;4;2;2;3;3;1;3;2;2;3;2
2;1;26;20;1;1;1;3;2;1;1;2;2;3;1;1;2;2;2;2;4;2;4;1;0;0;1;1;1;0;0;0;0;0;0;0;0;0;0;1;2;0;1;1;1;0;0;0;0;0;0;0;0;1;0;3;3;1;4;4;1;1;4;1;2;3;1;4;3;1;1;1;3;3;1;1;3;4;3;2;1;1;1;4;3;1;2;4;2;2;3;1;1;3;2;2;4;2
3;2;23;14;3;1;1;2;4;3;1;1;3;4;1;1;4;3;1;1;2;2;2;1;0;0;1;1;0;0;0;0;0;0;0;0;0;0;0;0;0;0;0;0;0;0;0;0;0;0;0;0;0;0;0;0;0;0;4;4;1;1;4;1;1;2;1;2;2;1;1;1;2;3;1;1;3;3;4;2;1;2;1;2;3;1;1;3;1;4;3;1;1;3;1;2;4;1
4;1;29;22;3;1;2;2;2;3;2;1;2;3;2;3;3;1;2;1;2;2;2;1;1;0;0;1;2;0;1;0;0;0;0;0;0;0;1;0;1;0;0;0;0;0;0;0;0;0;2;1;1;0;1;1;0;4; ; ; ; ; ; ; ; ; ; ; ; ; ; ; ; ; ; ; ; ; ; ; ; ; ; ; ; ; ; ; ; ; ; ; ; ; ; ; ; 
5;1;26;18;2;1;2;2;1;2;2;1;2;3;1;1;3;2;3;2;3;2;3;2;0;1;0;0;1;0;0;0;0;1;0;0;0;1;0;0;0;3;2;1;0;0;1;0;0;0;0;0;0;0;1;0;7;0;2;3;1;1;3;1;1;3;2;2;2;2;1;1;2;2;1;1;3;3;3;1;2;1;1;1;3;1;2;3;1;2;4;1;1;2;2;2;3;1
6;2;23;17;4;2;3;1;2;3;2;1;2;3;2;1;3;4;1;1;4;2;2;4;0;0;0;1;1;1;0;0;0;0;0;0;0;1;0;0;0;0;1;0;0;0;0;0;0;0;0;0;0;0;1;0;1;0;3;2;1;2;2;1;2;2;2;2;2;1;1;1;1;3;3;1;2;2;3;1;1;3;2;2;3;3;1;3;2;3;2;2;2;2;1;3;4;2
7;1;30;16;3;3;4;2;3;4;3;4;2;2;3;2;2;4;2;1;2;1;3;2;0;1;1;1;2;2;3;1;0;1;0;0;0;0;0;0;0;0;0;1;0;0;0;0;0;0;1;1;0;0;0;0;1;2;1;3;1;1;4;1;1;2;2;4;3;1;3;1;4;4;1;1;4;4;3;2;1;1;1;1;2;1;2;3;3;3;3;1;1;3;3;2;3;2
8;1;20;14;2;1;2;3;3;2;3;1;3;3;2;1;4;2;2;1;3;2;3;2;2;2;3;2;0;2;0;0;1;1;0;0;0;0;0;0;0;0;0;0;0;0;0;0;0;0;0;0;0;0;0;0;0;0;2;3;1;1;3;1;1;2;2;1;2;2;1;1;2;3;1;1;2;3;2;4;3;4;2;2;2;2;3;2;4;3;2;2;3;2;3;3;1;2
9;1;21;14;3;1;2;1;3;3;2;2;3;3;2;1;3;2;3;2;2;2;3;1;0;0;1;1;0;0;0;0;0;1;1;0;0;1;1;0;0;0;0;0;1;0;0;0;0;0;3;2;0;2;3;0;1;7;3;4;2;1;4;1;1;3;2;3;2;2;1;1;3;3;2;1;3;3;4;2;1;1;1;3;3;1;2;4;2;2;3;1;1;4;2;1;4;3
10;1;22;16;2;2;2;1;1;4;2;2;1;4;2;1;4;4;1;1;2;2;3;2;1;0;1;1;1;0;1;0;0;1;0;0;1;2;0;3;0;0;0;0;1;0;0;0;0;0;2;3;0;0;3;3;1;5;4;4;1;1;4;1;1;3;1;3;4;1;1;1;1;4;1;1;3;4;3;2;2;1;1;1;4;1;2;4;2;1;4;2;1;4;1;2;4;1
11;1;25;20;2;2;2;3;2;3;1;1;2;3;1;1;3;3;1;2;3;2;3;1;0;0;0;0;0;0;0;0;0; ;0;0;0;0;0;0;0;0;0;0;0;0;0;0;0;0;1;1;0;0;0;0;0;2;3;3;1;1;4;1;1;1;1;4;4;1;1;1;4;4;1;1;4;4;3;2;2;1;1;3;3;1;2;4;1;2;4;2;1;4;2;1;4;1
12;2;20;14;3;2;2;2;3;3;1;1;4;4;3;2;4;2;2;1;2;2;2;1;1;0;1;1;0;0;1;0;0;1;0;0;0;0;0;0;0;0;0;0;0;0;0;0;0;0;0;0;0;0;0;0;0;0;4;4;1;1;4;1;1;2;1;3;4;1;1;1;2;3;1;1;3;4;4;4;1;1;1;2;4;2;2;4;2;1;4;2;1;3;2;1;4;2
13;2;20;15;3;2;2;3;1;4;2;4;1;4;1;1;4;1;3;2;4;1;4;2;0;0;1;1;0;0;0;0;0;1;1;0;0;0;1;1;0;0;1;1;1;0;1;0;0;0;1;1;0;0;2;1;4;2;4;3;1;1;3;1;1;3;3;2;2;2;1;1;1;3;2;2;3;3;3;2;1;2;4;3;3;1;3;2;3;3;4;3;2;3;2;2;3;2
14;1;23;;4;2;3;1;1;3;4;2;1;3;4;2;2;2;2;1;1;1;1;1;1;0;3;1;3;0;2;0;0;1;2;1;0;0;2;4;3;3;1;1;0;0;1;0;0;0;1;1;3;4;5;7;6;9;3;2;2;1;2;2;1;1;3;1;1;2;1;2;1;2;3;1;2;2;3;2;2;2;2;1;3;2;2;3;3;4;1;2;1;2;1;1;3;1
15;1;22;17;4;2;3;1;1;4;3;3;3;4;3;4;3;3;2;2;1;2;4;2;3;1;2;3;1;0;1;1;0;1;1;0;0;1;0;1;0;0;0;0;0;0;0;0;1;0;1;0;0;0;2;1;0;2;4;4;1;1;2;1;1;1;4;2;2;1;1;1;1;2;1;1;2;3;2;4;2;2;1;1;4;2;4;3;4;2;2;4;2;2;4;2;4;4
16;1;21;14;2;1;2;2;2;3;3;1;2;2;2;1;4;1;3;1;2;2;2;2;0;0;1;1;1;0;0;0;0;1;2;1;2;3;3;3;3;0;1;1;1;0;0;0;0;0;1;0;0;2;11;6;3;3;3;4;1;1;3;1;1;2;1;2;2;1;1;1;2;2;1;1;3;3;4;3;2;1;1;2;3;1;2;4;3;1;2;4;1;4;2;2;4;2
17;1;23;17;3;1;3;3;3;3;3;3;4;2;4;4;3;2;4;2;2;2;2;1;1;0;1;1;0;0;1;0;0;1;1;0;0;0;0;1;0;0;0;0;0;0;0;0;0;0;1;0;0;0;1;1;0;1;4;4;1;1;4;1;1;3;1;4;4;1;1;1;4;4;1;1;4;4;4;4;1;1;1;3;4;1;1;4;1;1;4;1;2;4;1;1;4;2
18;2;23;16;2;1;2;3;3;2;1;1;2;4;1;1;3;4;2;1;4;3;3;1;0;0;1;0;0;0;0;0;0;0;0;0;0;0;0;0;0;0;0;0;0;0;0;0;0;0;0;0;0;0;0;0;0;0;4;4;1;1;4;1;1;3;1;3;4;1;1;1;3;3;1;1;4;4;4;2;1;1;1;3;4;1;2;4;2;1;4;2;1;4;2;1;4;1
19;1;20;13;1;1;2;4;3;1;2;1;2;4;1;1;3;2;1;1;4;2;4;1;0;0;0;0;0;0;0;0;0; ;1;0;0;2;1;1;1;0;0;1;1;0;0;0;0;0;1;0;0;0;4;2;2;1;3;4;2;1;4;1;1;3;1;3;4;1;1;1;3;3;2;1;3;3;4;2;1;1;1;2;3;2;1;4;1;1;3;2;1;4;1;1;4;1
20;2;20;16;4;1;2;1;2;3;2;2;3;4;1;2;4;1;3;3;4;3;3;1;0;0;1;1;1;0;0;0;0;0;1;0;0;1;0;0;0;2;0;0;0;0;1;0;0;0;0;0;0;1;2;0;3;1;3;4;2;1;2;1;2;4;2;2;2;2;1;1;2;4;2;1;3;4;4;2;1;3;2;3;4;2;1;4;2;3;2;3;1;4;1;2;4;2
21;2;21;13;4;2;3;3;3;4;3;3;2;2;2;3;2;1;3;3;2;3;2;2;1;0;0;1;0;1;0;1;0;1;2;1;0;2;0;2;1;1;1;3;1;0;0;0;0;0;0;0;1;0;5;3;6;1;3;3;2;1;3;2;4;3;2;2;3;1;1;1;2;3;3;2;3;3;3;3;1;3;1;2;2;2;2;3;2;2;3;2;1;3;2;3;3;2
22;1;22;18;3;1;2;3;2;3;3;1;1;3;2;1;3;1;1;2;3;1;3;2;2;0;1;2;0;0;0;1;0;1;3;0;2;3;2;3;3;0;0;0;0;0;0;0;0;0;0;0;0;0;10;6;0;0;4;4;1;1;4;1;1;1;1;3;3;1;1;1;4;3;1;1;1;3;4;4;2;1;3;1;2;2;4;4;4;3;3;1;1;4;4;4;3;3
23;1;21;16;2;1;2;2;3;2;1;2;3;3;2;2;2;2;2;2;3;2;3;2;1;0;0;0;0;0;1;0;0;0;0;0;0;0;1;0;0;0;0;0;0;0;0;0;0;0;0;0;0;0;1;0;0;0;3;3;1;1;3;1;1;3;1;2;2;1;1;1;2;3;1;1;3;3;4;2;1;1;1;3;3;1;2;3;2;1;3;1;1;3;1;1;3;1
24;2;22;12;4;3;3;2;2;3;3;3;2;3;2;2;2;2;1;2;2;3;2;1;0;0;2;2;0;0;0;0;0;0;0;0;0;0;0;0;0;0;0;0;0;0;0;0;0;0;0;0;0;0;0;0;0;0;4;3;1;1;4;1;1;2;2;3;3;1;1;1;3;3;1;1;3;4;3;2;1;2;2;2;2;1;3;4;3;2;3;3;1;3;2;1;3;3
25;2;24;;2;1;1;3;2;2;2;1;2;3;1;1;4;3;1;1;2;2;3;2;0;0;1;1;1;0;0;0;0;0;1;0;0;0;0;0;0;0;0;0;0;0;0;0;0;0;1;0;0;0;1;0;0;1;3;3;1;1;4;1;2;2;1;4;4;1;1;1;3;3;2;1;4;4;4;2;1;1;1;3;4;1;2;4;1;1;4;1;1;4;1;1;3;1
26;2;22;15;2;1;2;3;2;2;2;1;1;3;1;1;3;2;2;2;3;2;2;1;0;0;1;1;0;0;0;0;0;;2;0;0;1;0;1;0;0;0;0;0;0;0;0;0;0;0;0;0;0;3;1;0;0;4;4;1;1;4;1;1;3;2;2;4;1;1;1;3;3;2;1;4;4;4;2;1;1;1;4;4;1;2;4;2;1;4;3;1;4;2;2;4;1
27;2;20;15;3;2;2;1;1;3;2;1;2;3;1;1;3;1;2;1;4;2;3;1;0;0;2;1;0;0;0;0;0;0;0;0;0;0;0;0;0;0;0;0;0;0;0;0;0;0;0;0;0;0;0;0;0;0;3;4;2;1;3;1;1;3;1;2;4;1;1;1;2;2;1;1;3;4;3;1;1;1;1;3;4;1;1;4;1;1;3;1;1;2;1;1;4;2
28;1;27;20;3;1;2;2;2;3;2;1;1;3;2;1;4;1;1;1;3;3;3;3;0;0;1;1;0;0;0;0;0;1;0;0;0;1;1;0;1;0;1;0;0;0;0;0;0;0;1;1;0;0;2;1;1;2;2;4;2;1;4;1;2;2;2;3;2;2;1;1;3;3;2;1;4;3;4;1;2;1;2;3;3;1;2;4;2;2;4;1;1;3;2;1;4;2
30;1;26;21;3;2;3;2;2;3;2;2;1;2;3;2;3;1;3;2;2;2;2;2;0;0;0;0;0;0;2;0;0;1;0;0;0;0;0;0;0;0;1;0;0;0;0;0;1;0;1;1;1;0;0;0;1;4;3;3;1;1;3;1;1;3;1;1;3;1;1;1;2;3;1;1;4;4;3;2;1;2;1;3;3;1;1;3;2;1;3;2;1;3;1;2;3;1
31;2;19;13;3;1;2;3;2;2;2;3;2;3;2;2;3;2;1;1;2;3;3;2;0;0;2;2;0;2;0;0;0;1;2;0;1;2;0;0;0;0;3;3;2;0;0;0;1;0;3;0;0;0;5;0;8;4;4;4;1;1;3;1;2;3;2;2;3;2;1;1;1;3;2;1;3;3;3;2;1;1;2;2;3;2;2;3;2;1;3;4;2;3;2;2;3;2
32;1;21;17;4;2;2;1;1;2;3;2;1;3;2;4;4;1;2;1;2;3;2;1;1;0;1;1;0;1;0;0;0;0;0;0;0;0;1;1;0;1;0;0;0;0;0;0;0;0;1;1;0;0;1;1;1;2;4;4;1;1;3;1;1;2;1;1;3;1;1;1;2;2;1;1;2;3;;;;;;;;;;;;;;;;;;;;
33;1;23;16;4;2;3;1;2;4;2;3;1;2;2;1;3;1;3;3;3;2;3;1;2;1;0;1;0;3;1;0;0;1;2;0;1;1;1;0;0;0;0;0;2;0;0;0;0;0;3;4;1;0;5;0;2;8;2;3;4;1;2;1;2;2;4;2;1;3;2;2;1;2;4;3;2;2;3;2;1;4;1;1;2;3;4;3;4;4;2;3;2;3;4;3;1;3
34;1;21;15;2;1;2;2;1;2;3;3;1;3;1;2;3;1;1;2;2;3;4;1;0;0;1;1;0;0;0;0;0;1;1;0;1;0;0;0;0;0;0;0;0;0;0;0;0;0;1;1;0;0;2;0;0;2;3;4;1;1;4;1;1;4;2;2;3;1;1;1;3;4;2;1;4;4;4;2;2;1;2;3;4;1;2;4;2;2;3;2;1;3;2;1;4;1
35;1;18;16;3;3;3;2;2;3;3;3;1;2;2;1;2;1;2;2;2;1;2;2;0;1;0;1;;1;1;0;0;1;1;0;1;0;0;0;0;2;1;1;0;0;0;0;1;0;0;0;2;1;2;0;4;4;3;3;2;1;3;1;2;1;2;2;2;2;1;1;2;2;2;1;2;2;2;3;3;2;4;2;1;2;3;2;4;4;3;2;2;2;3;3;2;1
36;2;22;13;3;2;4;2;1;4;2;3;2;1;2;1;2;2;3;1;3;2;2;1;1;0;0;1;0;0;1;0;0;0;0;0;0;0;0;0;0;0;1;0;0;0;0;1;0;0;2;0;0;0;0;0;2;2;3;3;1;1;3;1;1;3;1;1;3;1;1;1;2;3;1;1;3;3;3;1;1;1;1;2;4;1;1;3;1;2;3;1;1;3;1;1;4;1
37;1;20;13;2;1;2;2;1;3;2;2;1;3;2;1;3;2;3;2;4;1;2;1;1;0;1;1;2;0;1;0;0;0;0;1;0;0;0;1;1;0;2;1;2;0;0;0;0;1;1;2;1;1;1;2;5;6;2;3;2;1;2;2;2;1;3;2;3;2;3;2;2;4;2;2;3;3;3;2;2;2;1;2;1;2;2;3;3;2;2;2;2;3;1;1;2;3
38;1;20;14;3;1;2;1;2;2;1;3;1;3;1;1;3;2;1;1;2;1;3;2;2;0;0;1;3;0;1;0;0;0;0;0;0;0;0;0;1;0;0;2;1;0; ;0;0;2;0;0;0;0;0;1;3;2;3;4;1;1;3;1;1;3;2;2;3;1;2;1;4;4;1;1;3;4;3;3;2;1;2;2;3;2;4;4;4;3;2;1;1;3;3;4;3;4
39;1;20;13;2;1;2;3;3;2;1;2;2;2;1;1;3;1;3;2;2;3;2;1;0;0;1;1;0;0;0;0;0;0;1;0;3;1;1;3;2;3;0;2;0;0;0;0;0;0;0;0;0;0;6;5;5;0;2;1;1;1;2;1;1;3;2;2;3;1;1;1;2;3;1;1;3;3;4;2;1;1;1;2;3;1;3;4;2;1;2;1;1;3;2;2;3;2
40;1;21;15;2;1;2;2;3;2;2;3;1;4;1;1;4;1;2;1;4;2;3;1;0;0;0;0;0;0;0;0;0;0;0;0;0;2;0;2;1;0;0;0;0;0;0;0;0;0;0;0;0;0;2;3;0;0;4;4;1;1;4;1;1;2;1;1;2;1;1;1;2;4;1;1;4;4;4;4;1;1;1;2;3;1;4;4;2;2;4;1;1;4;1;1;4;3
41;2;20;15;3;2;3;1;2;3;3;4;1;3;2;4;3;2;3;2;1;3;1;1;0;0;0;0;1;0;1;0;0;;0;0;0;0;0;0;0;0;1;0;0;0;0;0;0;0;1;0;0;0;0;0;1;1;3;4;1;1;3;1;1;3;1;2;1;1;2;1;3;1;2;1;3;3;3;2;1;1;2;2;2;1;1;3;2;2;2;2;1;4;1;2;3;1
42;2;22;17;2;1;2;3;2;1;2;2;2;3;2;1;3;1;3;2;3;2;3;1;0;0;0;0;0;0;0;0;0; ;1;0;0;2;2;3;1;2;0;2;0;0;0;0;2;1;3;0;0;0;5;4;4;6;3;3;1;1;3;1;1;3;1;2;2;1;1;1;3;2;1;2;3;3;3;2;1;1;2;3;3;1;2;3;2;1;3;1;1;3;2;1;3;2
45;2;19;13;4;2;2;2;2;3;3;2;2;3;2;1;3;2;1;1;3;2;3;1;1;1;2;2;1;1;0;0;0;1;1;0;0;1;0;1;0;0;0;0;0;0;1;1;2;0;1;1;1;2;2;1;2;7;3;2;3;1;2;1;1;1;3;1;2;2;2;2;2;2;2;2;2;2;3;2;3;3;2;2;2;2;3;3;3;3;2;2;2;2;2;2;2;2
46;2;25;16;2;2;2;3;2;3;2;4;3;3;3;1;4;1;2;1;2;3;3;2;0;0;0;0;0;0;0;1;0;0;1;0;1;2;1;0;1;0;0;0;1;0;2;0;0;0;1;0;0;0;5;1;3;1;2;4;2;1;3;1;1;4;2;1;3;2;2;1;2;3;2;1;3;3;3;2;1;1;2;3;4;1;3;4;3;2;2;2;1;3;2;3;4;4
47;2;23;14;2;1;2;2;1;3;1;3;1;3;2;2;4;2;1;1;4;2;3;2;1;0;0;1;0;0;1;0;0;0;0;0;0;0;0;0;0;0;0;1;0;0;0;0;0;0;0;0;0;0;0;0;1;0;4;4;1;1;3;1;1;2;1;2;4;1;1;1;4;4;1;1;4;4;4;1;1;2;2;3;4;1;3;4;4;2;4;3;1;4;2;2;4;2
48;2;19;14;3;1;2;2;2;1;1;2;2;2;3;1;3;1;3;2;3;2;1;2;1;0;1;0;0;0;0;1;0;1;0;0;1;0;0;0;0;0;0;0;0;0;0;0;1;0;0;0;0;0;1;0;0;1;4;4;1;1;3;1;1;3;2;2;3;2;1;1;3;3;1;1;3;4;4;2;1;1;1;3;3;1;1;3;2;1;4;2;1;4;1;1;3;1
49;1;20;13;2;1;2;3;2;1;2;1;3;3;1;1;3;2;2;1;2;2;2;2;1;1;2;0;2;1;2;0;0;1;1;0;0;0;0;1;0;0;2;0;0;0;0;0;0;0;3;1;0;0;1;1;2;4;4;4;1;1;4;1;2;3;2;2;3;1;1;1;2;3;2;2;2;2;3;2;2;3;1;3;3;2;2;4;3;2;2;3;2;3;2;2;4;3
50;2;19;13;2;1;2;4;2;3;2;3;3;3;1;4;4;2;2;1;3;3;2;1;1;0;0;1;1;0;0;0;0;1;0;0;0;0;0;0;0;1;0;0;0;0;0;0;0;0;1;0;0;0;0;0;1;1;3;4;2;1;4;1;1;2;3;2;3;2;1;1;2;2;2;1;3;3;4;2;1;1;2;2;3;1;3;4;3;2;3;1;1;3;2;2;4;2
51;1;19;13;1;2;1;2;2;1;2;1;1;2;1;1;3;2;3;2;4;2;2;3;0;1;0;0;0;0;0;0;0;0;0;0;0;0;0;4;1;0;0;0;0;0;0;0;0;0;0;0;0;1;0;5;0;1;4;4;1;1;4;1;1;4;2;4;4;1;1;1;2;2;1;1;2;3;4;2;1;1;1;2;4;1;4;4;4;1;4;2;2;2;1;1;4;1
52;1;20;14;3;2;2;3;2;3;3;3;2;2;3;3;3;2;3;2;2;2;2;1;3;2;3;2;2;1;0;1;0;2;1;1;1;3;3;4;4;4;3;3;1;2;3;1; ;2;1;2;2;0;9;8;17;7;3;4;2;1;2;1;1;3;2;2;2;2;1;1;3;3;2;1;3;3;3;3;1;3;3;1;2;3;3;3;3;2;2;3;2;3;3;2;3;2
53;2;21;12;2;2;2;1;2;1;1;3;3;4;3;3;4;2;3;1;2;3;4;1;0;0;0;1;0;1;0;0;0;1;1;0;0;0;0;1;0;1;1;0;0;0;0;1;0;0;0;0;1;0;1;1;3;1;3;4;1;1;3;1;1;2;2;2;3;1;1;1;2;4;1;1;3;3;3;2;1;4;1;2;4;2;3;2;1;1;4;2;1;2;2;3;4;2
55;2;23;16;1;1;1;3;3;2;1;2;2;4;1;1;3;3;2;1;4;3;2;1;0;0;0;0;0;0;0;0;0; ;0;0;0;0;0;0;0;0;0;0;0;0;0;0;0;0;3;2;0;0;0;0;0;5;4;3;1;1;4;1;2;3;1;4;4;1;1;1;4;4;1;1;3;4;4;1;1;2;1;3;4;1;1;4;2;1;4;1;1;4;1;1;4;1
56;2;20;12;2;2;2;3;3;2;1;2;4;3;1;1;3;2;2;1;3;3;3;1;0;0;1;0;1;0;0;0;0;0;0;0;0;1;1;1;0;1;0;0;0;0;0;0;0;0;0;0;0;0;2;1;1;0;4;4;1;1;4;1;1;4;1;3;4;1;1;1;3;3;1;1;4;4;4;1;1;1;1;3;4;1;2;4;2;4;4;2;1;4;2;1;4;1
57;2;26;19;2;1;1;2;1;1;1;1;1;3;1;1;3;4;1;2;2;3;4;2;0;0;0;0;0;0;0;0;0;0;0;0;0;0;0;0;0;0;0;0;0;0;0;0;0;0;0;0;0;0;0;0;0;0;3;3;2;1;4;1;1;3;2;4;3;1;1;1;4;3;1;1;3;3;4;1;1;1;1;4;4;2;1;3;1;1;3;2;1;3;1;1;4;1
58;1;23;16;3;1;2;2;3;3;2;1;3;4;1;1;3;3;2;1;2;2;3;1;1;0;1;1;0;1;0;0;0;1;0;0;2;2;1;3;1;3;2;3;2;1;2;0;1;0;3;1;2;2;5;4;13;9;3;3;1;1;2;1;2;2;2;2;2;1;1;1;2;2;2;1;2;3;4;2;2;2;1;3;3;2;2;3;3;2;3;1;2;3;2;2;4;2
59; ; ; ; ; ; ; ; ; ; ; ; ; ; ; ; ; ; ; ; ; ; ; ; ; ; ; ; ; ; ; ; ; ; ; ; ; ; ; ; ; ; ; ; ; ; ; ; ; ; ; ; ; ; ; ; ; ; ; ; ; ; ; ; ; ; ; ; ; ; ; ; ; ; ; ; ; ; ; ; ; ; ; ; ; ; ; ; ; ; ; ; ; ; ; ; ; 
60;1;18;14;2;2;1;4;2;4;2;1;2;3;2;1;3;3;1;2;2;2;3;2;0;1;0;1;2;2;0;0;0;1;3;3;0;3;4;0;1;0;3;2;3;0;0;0;2;0;0;0;1;0;13;1;8;3;2;3;2;1;3;1;1;3;2;1;2;2;2;1;2;3;2;1;3;3;4;3;3;1;2;3;2;2;1;3;3;2;3;1;1;3;1;1;3;1
61;1;27;16;4;2;1;4;4;2;2;4;1;2;2;1;2;1;1;1;2;2;4;1;1;0;0;0;1;0;0;0;0;0;0;0;0;0;0;0;0;0;0;0;0;0;0;0;0;0;2;1;1;1;0;0;0;5;4;4;1;1;4;1;1;4;1;1;4;1;1;1;2;4;2;1;1;4;4;2;1;4;1;4;4;1;1;4;2;1;2;1;1;4;1;2;4;2
62;1;20;13;4;2;3;1;2;2;3;2;2;2;2;3;3;1;2;3;2;2;1;2;2;1;;2;0;2;1;0;1;1;1;0;4;2;2;2;0;0;2;2;1;0;0;0;1;0;2;2;3;1;9;2;5;9;3;3;2;;3;1;1;2;3;2;2;1;1;1;2;3;1;1;3;4;3;3;2;2;2;3;2;4;3;4;3;2;3;4;2;3;2;3;2;2
63;1;23;17;1;1;2;2;3;1;1;2;3;3;2;1;3;2;2;1;4;3;3;2;0;0;1;0;1;0;0;0;0;0;0;0;0;0;0;0;0;1;0;0;1;0;0;0;0;0;0;0;0;0;0;0;2;0;4;4;1;1;4;1;1;3;1;4;3;1;1;1;4;3;1;1;3;3;4;2;2;1;1;3;4;1;1;3;2;1;4;2;1;3;1;1;4;1
64;2;18;15;2;1;2;3;2;2;1;2;1;3;1;1;3;3;2;2;3;3;3;3;1;0;2;0;0;0;0;0;0;1;0;0;1;0;1;0;0;0;1;0;1;0;0;0;0;0;3;1;0;0;2;0;2;4;3;3;2;1;3;1;2;3;2;2;4;2;1;1;3;4;2;1;3;4;3;1;1;1;1;3;4;1;2;4;2;1;3;2;1;4;2;1;4;1
65;2;23;17;2;1;2;3;3;2;2;2;3;3;2;1;3;2;1;2;3;3;3;2;1;1;1;1;0;1;0;0;0;0;1;0;0;1;0;1;1;0;2;1;0;0;0;0;0;0;2;2;0;1;2;2;3;5;4;4;1;1;3;1;2;3;1;2;2;1;1;1;2;3;1;1;2;3;3;2;1;3;1;2;3;2;2;3;2;3;2;3;2;3;2;2;4;2
66;2;23;14;3;1;1;1;3;2;2;2;3;2;2;1;2;4;1;2;3;2;2;2;1;0;0;0;0;1;0;0;0;1;0;0;0;0;0;1;1;0;2;2;0;0;0;0;0;0;1;0;1;0;0;2;4;2;3;3;1;;3;1;1;2;2;1;3;2;1;1;1;3;3;1;2;3;3;1;1;2;2;2;2;2;3;2;2;2;2;1;1;2;3;2;3;2
67;2;34;25;3;3;2;2;2;3;2;3;3;3;2;1;3;1;4;1;2;3;3;1;1;0;1;1;2;0;1;0;0;1;0;0;0;0;0;0;0;0;0;0;0;0;0;0;0;0;0;0;0;0;0;0;0;0;4;4;1;1;4;1;2;3;1;3;3;1;1;1;3;3;2;1;4;3;4;2;1;;2;2;3;2;1;4;3;2;3;2;1;3;1;2;3;1
68;1;20;14;4;3;2;2;2;4;2;2;3;3;2;2;4;3;2;1;2;2;3;2;1;2;2;2;0;1;1;0;0;1;1;0;0;1;0;1;1;1;0;0;0;1;1;1;0;0;1;3;3;1;2;2;4;8;3;3;2;2;4;2;1;1;3;3;2;1;1;1;2;2;3;1;2;3;2;2;1;4;4;2;2;4;4;2;3;4;2;3;2;3;3;3;3;3
69;2;18;12;4;2;2;1;2;4;3;2;2;3;1;3;4;4;2;4;2;4;3;3;3;2;2;3;2;2;1;2;1;1;3;3;2;4;1;3;3;0;1;2;2;1;2;2;0;0;0;1;1;1;13;6;10;3;3;2;1;2;2;1;3;2;2;2;2;1;1;1;2;2;2;2;2;2;3;2;2;2;1;2;3;4;3;3;2;3;2;3;2;3;3;3;3;2
70;1;32;17;2;2;3;1;1;4;2;3;3;2;2;2;2;1;4;4;1;3;1;2;1;0;0;0;0;0;1;0;0;1;1;0;1;0;0;1;0;0;0;0;0;0;0;0;0;0;0;0;0;0;2;1;0;0;2;3;1;1;3;1;1;3;2;2;2;1;1;1;2;2;2;1;3;3;4;1;2;1;4;2;1;2;3;4;3;4;3;2;1;2;2;2;4;2
71;2;18;12;3;1;1;2;1;3;2;2;1;3;1;2;3;2;3;2;3;4;3;3;2;1;1;3;2;0;1;1;0;1;0;0;0;0;0;1;0;1;1;0;0;0;1;2;1;0;0;1;2;0;0;1;5;4;3;3;2;1;2;1;1;2;2;1;3;2;2;1;2;3;1;1;2;2;3;3;1;2;2;1;4;2;1;4;2;2;3;3;2;3;1;3;3;2
72;2;18;12;1;2;2;3;3;2;2;4;3;4;2;1;3;2;1;1;3;2;3;1;0;0;1;1;1;2;0;0;0;1;2;2;1;0;0;2;0;0;0;0;0;0;0;0;0;0;1;1;0;0;5;2;0;2;2;2;2;1;4;2;2;1;3;2;2;3;3;3;1;1;2;2;3;3;3;3;2;1;1;3;2;3;3;4;3;3;2;2;2;3;3;3;2;3
73;2;19;13;3;1;2;1;2;2;2;2;1;2;2;1;3;1;3;2;3;2;2;1;1;0;0;0;0;0;0;0;0;0;0;0;0;0;0;1;0;0;0;0;0;0;0;0;0;1;0;1;0;0;0;1;0;2;3;3;2;1;2;1;1;2;1;1;2;1;1;1;2;2;2;1;2;3;3;2;1;2;2;3;4;1;1;4;2;1;3;2;1;3;1;1;4;1
74;2;18;12;2;2;2;3;1;2;2;2;2;2;1;1;4;2;1;1;2;3;2;1;1;0;1;1;;0;1;1;0;0;0;0;0;0;0;1;0;0;0;0;0;0;0;0;0;0;0;0;0;0;0;1;0;0;3;3;1;1;3;1;1;2;1;2;2;1;1;1;3;3;1;2;3;3;3;1;1;2;1;2;4;1;2;3;1;1;3;2;1;3;2;1;4;1
75;2;18;11;2;1;1;3;4;1;1;1;1;3;1;2;4;1;1;2;3;2;3;2;0;0;0;0;0;0;0;0;0; ;0;0;0;1;0;0;0;0;0;0;0;0;0;0;0;0;0;0;0;0;1;0;0;0;4;3;1;1;3;1;1;3;2;2;3;1;1;1;2;3;2;1;3;4;4;1;1;1;1;3;3;1;1;4;2;1;3;2;1;3;1;1;4;1
76;2;30;13;4;4;4;2;1;3;4;1;1;1;4;3;2;3;1;1;2;3;1;2;1;2;3;2;1;2;2;3;1;1;3;0;3;4;3;2;2;0;3;3;3;4;4;3;3;2;2;0;3;3;13;4;20;13;4;4;1;1;3;1;2;3;1;3;4;1;2;1;3;3;2;1;3;3;2;3;3;3;3;2;1;3;2;2;4;3;1;1;2;2;3;4;1;3
77;1;24;16;4;3;3;2;1;3;3;4;2;3;3;2;1;2;2;1;2;2;3;2;1;0;3;2;0;0;2;1;0;0;2;1;0;2;1;3;2;0;0;2;0;0;0;0;0;0;0;0;0;0;6;5;2;0;2;4;2;1;3;1;1;3;1;1;3;2;1;1;1;3;1;1;3;3;3;4;2;2;1;2;2;1;2;3;2;1;3;2;2;3;2;2;3;1
78;2;18;12;3;2;1;1;2;2;2;3;3;3;2;2;3;1;3;2;3;2;3;2;1;0;0;1;1;0;0;0;0;1;1;0;0;1;1;0;0;0;0;0;0;0;0;0;0;0;2;1;0;0;3;0;0;3;4;3;1;1;3;1;1;3;1;2;2;1;1;1;2;1;1;1;3;4;4;2;1;1;1;3;4;2;1;4;2;1;3;3;1;3;1;3;4;2
79;1;42;18;2;2;1;2;2;1;2;3;4;4;2;1;4;4;2;1;4;2;4;3;1;1;0;1;0;1;0;0;0;1;4;2;4;3;3;4;3;0;0;1;2;0;1;0;0;0;2;0;0;2;16;7;4;4;2;2;2;1;2;2;2;1;3;1;2;2;2;1;2;2;2;2;2;2;3;3;2;2;1;1;2;2;3;3;4;3;2;1;2;2;2;2;3;3
80;1;20;13;4;2;3;1;2;3;2;2;1;3;3;2;3;1;4;4;2;1;3;1;1;2;2;3;1;1;1;0;0;1;3;1;3;2;3;1;3;1;3;2;3;4;1;1;0;0;3;3;1;2;12;4;15;9;3;4;2;1;3;1;1;2;3;3;2;2;2;1;3;3;2;1;2;3;2;3;3;2;1;1;1;2;4;2;4;4;2;3;3;2;4;3;2;2
81;1;21;14;4;2;2;1;2;4;2;2;1;1;2;4;2;1;4;2;1;2;1;1;2;2;3;3;0;2;1;0;0;1;0;1;0;2;1;3;0;0;0;2;0;0;0;0;3;0;0;1;2;4;4;3;2;10;2;3;4;1;2;2;4;1;4;1;2;4;3;4;1;2;4;2;3;2;3;3;3;4;1;1;1;3;3;3;4;3;2;2;4;2;4;4;1;4
82;2;30;22;3;1;2;2;2;3;2;2;2;4;2;4;3;1;2;2;3;2;3;2;0;0;1;1;2;0;1;0;0;1;0;0;0;1;0;0;1;2;0;0;0;0;0;0;0;0;0;1;0;0;1;1;2;1;3;3;2;1;3;1;1;3;1;2;3;1;1;1;2;3;3;1;3;3;4;2;1;2;2;3;2;1;4;3;2;2;3;3;1;3;2;2;3;2
83;1;19;12;2;2;1;1;3;2;2;3;4;3;1;1;3;2;4;3;2;2;1;2;1;1;3;2;3;1;1;0;0;1;3;2;1;4;3;3;3;1;2;3;3;1;1;1;0;1;2;1;2;4;13;6;12;10;1;1;4;1;2;3;1;1;4;1;1;4;3;3;1;1;2;3;1;1;4;2;2;3;3;1;2;1;2;3;3;4;2;4;2;2;2;3;3;4
84;1;22;10;4;3;3;2;3;4;2;3;1;2;3;1;2;2;2;1;1;2;2;2;1;1;1;2;1;2;1;0;1;1;4;3;4;3;2;3;3;1;1;1;4;3;1;0;0;0;4;3;1;1;16;6;11;9;3;3;1;1;2;1;2;2;1;1;2;1;1;1;2;2;1;2;1;2;2;3;4;2;2;1;2;1;4;3;4;2;2;3;3;1;4;2;2;3
85;2;19;12;3;1;2;1;2;2;2;3;2;2;1;3;2;1;1;2;1;1;2;3;1;0;1;1;1;0;0;0;0;1;1;0;0;2;2;3;0;0;0;2;2;1;0;0;0;0;3;3;0;0;5;3;5;6;4;3;2;1;2;1;1;2;2;1;2;1;2;1;1;1;2;1;2;2;3;2;1;2;2;2;3;2;2;3;2;2;3;4;2;3;2;1;4;2
86;1;34;21;4;3;3;1;1;4;3;3;2;2;3;3;3;1;2;3;2;2;2;2;1;0;1;2;0;0;1;0;0;1;1;1;0;0;0;2;1;0;0;1;1;0;0;0;0;0;1;1;0;1;2;3;2;3;4;3;1;1;4;1;1;3;1;3;3;1;1;1;2;3;1;1;3;3;3;4;2;2;3;2;1;2;2;3;3;3;2;3;2;2;2;2;3;3
88;1;48;20;2;2;2;3;3;2;3;2;1;4;2;2;3;1;3;2;3;3;3;2;1;0;1;1;0;0;0;0;0;1;1;0;0;1;0;0;0;1;0;2;1;0;0;0;0;0;2;2;1;2;2;0;4;7;3;3;2;1;3;1;2;2;2;3;3;1;2;1;3;3;2;1;3;3;3;2;2;1;1;2;2;2;2;3;;2;2;2;1;3;2;2;3;3
89;1;21;16;3;1;2;1;1;4;3;4;1;4;1;1;4;3;2;2;3;2;4;1;1;1;0;1;0;0;0;0;0;1;0;0;0;0;0;1;3;4;1;2;0;2;0;0;3;0;0;0;1;0;0;4;9;4;2;3;1;1;4;1;3;1;3;2;3;1;1;1;2;2;4;4;3;3;4;4;2;2;1;1;4;1;2;3;2;1;3;1;1;3;4;2;3;4
90;1;20;13;4;2;3;1;2;4;3;2;1;2;2;1;3;1;2;2;3;3;1;1;3;3;2;3;3;2;1;3;0;2;1;0;3;3;2;0;0;0;2;3;3;2;3;1;3;0;1;3;3;2;9;0;14;12;2;2;3;1;3;2;4;1;3;1;1;2;2;1;1;1;4;4;1;2;2;4;3;3;3;1;1;4;4;1;4;3;2;2;4;1;4;4;1;3
91;1;18;15;4;3;3;1;1;4;3;3;2;2;3;4;2;1;2;2;1;1;2;3;1;1;0;3;0;0;2;0;0;1;0;0;0;1;0;1;0;2;2;1;0;0;0;0;0;0;1;0;0;0;1;1;5;1;2;4;2;1;3;2;2;3;4;3;2;3;2;2;1;2;3;1;2;2;4;3;2;3;2;1;1;2;3;3;3;4;3;4;2;3;4;3;2;3
92;1;19;12;4;1;2;1;2;3;1;3;1;4;1;1;3;2;3;1;3;2;3;2;0;0;0;0;0;0;0;1;0;0;0;0;0;2;0;0;1;0;0;0;0;0;0;0;0;0;0;0;0;0;2;1;0;0;3;4;2;1;3;1;1;2;2;3;3;1;1;1;2;3;1;1;2;3;4;1;1;2;1;3;3;1;4;3;4;2;3;1;2;3;3;3;3;3
93;1;24;17;2;1;2;3;3;2;1;2;2;2;3;2;3;1;3;2;3;2;2;3;1;1;1;1;0;1;0;0;0;0;0;0;0;2;0;2;2;1;0;0;0;0;0;0;0;0;0;0;0;0;2;4;1;0;3;3;1;1;4;2;2;4;1;3;4;1;2;1;3;3;2;1;3;3;3;1;1;1;2;3;3;1;2;4;2;1;3;1;1;3;2;2;4;2
94;1;28;13;3;2;3;3;2;3;2;3;2;2;2;2;3;3;2;2;3;2;3;1;1;0;1;1;1;0;1;0;0;0;0;0;1;1;0;0;1;0;0;0;0;1;0;0;1;0;0;0;0;0;2;1;1;1;4;4;1;1;4;1;1;4;1;4;4;1;1;1;3;3;1;1;3;3;4;2;1;2;1;3;3;1;1;3;1;1;3;3;1;3;1;3;2;2
95;1;28;17;3;2;2;2;1;3;3;2;1;3;2;1;2;1;1;3;2;2;3;1;1;0;0;1;0;0;1;0;0;1;1;0;0;0;0;1;0;0;0;0;0;0;0;0;0;0;0;0;0;0;1;1;0;0;2;3;2;1;2;1;1;1;3;2;1;1;1;2;2;2;2;1;2;3;3;2;2;2;1;2;3;2;2;3;3;2;3;2;2;3;1;2;3;2
96;1;26;18;3;2;3;2;1;3;2;1;3;2;2;1;3;1;2;1;2;3;3;1;0;0;1;1;0;0;1;0;0;1;0;0;0;0;1;0;1;0;0;0;1;0;0;0;0;0;1;1;1;1;1;1;1;4;4;4;2;1;3;1;2;2;2;3;3;1;2;1;2;3;2;1;3;4;3;2;2;1;2;2;3;2;2;3;2;2;3;1;1;3;1;1;4;2
97;2;24;16;3;2;1;2;4;2;3;3;4;2;2;4;3;1;4;2;1;2;2;1;2;0;2;1;0;0;3;0;0;1;0;0;0;0;0;0;0;0;0;0;0;0;0;0;0;0;0;0;0;0;0;0;0;0;2;2;2;1;3;2;3;4;2;1;3;2;1;1;2;3;2;1;1;2;3;3;1;1;3;4;2;2;4;2;2;1;2;3;1;2;3;2;3;3
98;1;22;17;3;2;2;3;3;4;2;4;1;3;3;1;4;2;2;1;3;3;3;1;0;0;0;1;0;0;0;0;0;0;0;0;0;0;0;0;0;0;0;1;0;0;0;0;0;0;0;0;0;0;0;0;1;0;3;3;1;1;4;1;3;4;2;3;2;1;1;1;3;3;2;1;3;3;4;2;1;1;1;3;3;1;2;4;2;2;3;3;1;3;3;1;4;2
99;1;18;13;4;3;3;1;1;4;3;3;2;3;3;4;3;1;2;3;1;2;1;2;0;1;0;1;1;1;3;0;0;1;3;2;3;2;2;2;0;0;4;4;3;0;1;0;0;0;0;1;1;0;12;2;12;2;4;4;1;1;3;1;1;3;2;1;3;1;1;1;2;3;1;1;2;3;2;3;3;2;1;2;1;1;4;2;3;3;2;2;2;2;3;3;2;2
100;1;27;20;4;2;2;3;3;2;2;2;3;4;1;1;4;2;3;1;4;2;4;1;2;1;3;2;0;0;0;0;1;1;2;0;0;1;0;0;0;0;1;4;1;0;0;0;0;0;0;0;0;0;3;0;6;0;3;2;4;3;2;1;1;3;3;3;3;2;3;2;3;2;3;1;3;3;2;3;1;2;1;3;1;4;4;4;4;2;1;2;1;1;4;4;2;4
101;1;39;20;4;2;2;1;1;3;2;2;2;3;2;2;3;2;2;3;2;2;3;1;1;0;0;1;0;0;0;0;0;0;0;1;1;0;1;1;1;1;0;0;0;0;0;0;0;0;0;1;0;0;3;2;1;1;3;3;1;1;3;1;1;2;2;2;4;1;1;1;3;3;1;1;3;3;3;2;2;4;4;2;3;2;1;3;2;2;3;1;2;3;2;1;3;2
102;1;18;12;2;1;1;3;4;2;1;2;3;2;2;1;3;1;2;1;3;3;2;2;3;1;2;1;1;0;0;0;0;1;0;0;0;0;0;1;1;3;1;0;1;0;0;0;0;0;2;1;0;0;0;2;5;3;2;3;2;1;3;1;2;3;2;2;3;2;2;1;2;3;3;1;2;3;3;3;2;3;1;2;3;2;1;2;2;1;4;2;3;3;1;1;3;2
103;1;19;12;2;2;1;2;2;2;3;3;1;4;1;1;3;2;3;3;3;4;4;3;3;3;2;3;;3;1;1;0;3;1;0;0;1;0;2;0;0;0;2;2;0;0;0;0;0;3;0;0;0;2;2;4;3;4;4;1;1;3;1;1;2;1;1;2;1;1;1;3;2;1;1;2;2;3;4;3;3;1;4;1;4;2;2;4;4;3;2;3;;4;3;1;3
104;1;19;14;3;2;1;3;3;2;2;2;1;3;1;1;3;4;1;2;3;2;4;2;0;0;0;3;1;1;1;0;0;1;0;0;0;1;0;1;0;0;0;1;0;0;0;0;0;0;0;0;0;0;1;1;1;0;2;2;2;1;3;2;4;1;3;1;2;3;1;3;2;2;3;4;3;2;2;1;2;2;2;1;2;3;3;3;4;4;1;3;2;2;2;2;1;3
105;1;33;20;3;2;2;3;2;3;3;3;4;3;3;2;2;1;2;1;2;2;3;1;0;0;1;0;0;0;1;0;0;1;0;0;0;0;0;0;0;0;0;0;0;0;0;0;0;0;0;0;0;0;0;0;0;0;3;3;1;1;3;1;1;2;1;2;2;1;1;1;2;2;1;1;2;3;3;1;2;1;1;2;3;1;2;3;2;2;2;1;2;3;2;1;4;1
106;1;19;13;2;1;1;3;3;4;1;2;3;4;1;2;4;2;1;3;3;3;2;4;1;2;2;1;3;0;0;0;0;0;4;0;1;2;0;4;4;0;4;2;3;1;1;0;1;0;2;0;0;3;7;8;11;6;2;3;1;1;4;1;3;2;1;2;3;1;1;1;2;3;2;1;2;2;2;3;3;4;2;2;1;2;4;3;4;4;2;2;2;3;2;1;2;2
107;1;24;17;3;3;3;2;1;3;3;2;1;2;2;3;2;2;3;2;2;2;2;1;1;0;0;0;0;0;1;1;0;1;1;0;0;1;0;1;1;0;0;1;1;0;0;0;0;0;0;0;0;0;2;2;2;0;3;4;2;1;3;1;1;2;1;2;3;1;1;1;2;4;1;1;3;3;4;2;2;3;2;3;;2;1;4;1;2;3;3;1;3;2;2;4;2
108;1;22;16;2;1;2;4;3;2;1;2;1;4;1;1;4;4;1;1;4;3;3;2;0;0;0;1;0;0;0;0;0;1;0;1;1;0;0;0;0;0;0;0;1;0;0;0;0;0;2;3;0;3;2;0;1;8;4;4;1;1;4;1;1;4;1;3;4;1;1;1;4;4;1;1;4;4;4;3;1;1;1;2;2;1;1;4;2;1;4;2;1;4;1;1;4;1
